1792
0.382683
0.92388
0
0.715416
0.480569
0.442548
0.896745
-8.03525e-17
0.653281
0.707107
0.270598
0.631724
0.438731
0.652799
0.707629
0.270398
0.707107
0.707107
0
0.677398
0.413334
0.706585
0.707629
1.35742e-16
0.382683
0.92388
0
0.715416
0.480569
0.442548
0.896745
-8.03525e-17
0.653281
0.707107
-0.270598
0.721037
0.397546
0.652799
0.707629
-0.270398
0.353553
0.92388
-0.146447
0.743289
0.46571
0.353102
0.924082
-0.14626
0.382683
0.92388
0
0.715416
0.480569
0.442548
0.896745
-8.03525e-17
0
1
0
0.785263
0.557441
-1.41603e-17
1
-4.3366e-17
0.353553
0.92388
0.146447
0.690335
0.503819
0.353102
0.924082
0.14626
0.353553
0.92388
0.146447
0.690335
0.503819
0.353102
0.924082
0.14626
0.653281
0.707107
0.270598
0.631724
0.438731
0.652799
0.707629
0.270398
0.382683
0.92388
0
0.715416
0.480569
0.442548
0.896745
-8.03525e-17
0.353553
0.92388
0.146447
0.690335
0.503819
0.353102
0.924082
0.14626
0
1
0
0.785263
0.557441
-1.41603e-17
1
-4.3366e-17
0.270598
0.92388
0.270598
0.670514
0.536727
0.312929
0.896745
0.312929
0.270598
0.92388
0.270598
0.670514
0.536727
0.312929
0.896745
0.312929
0.653281
0.707107
0.270598
0.631724
0.438731
0.652799
0.707629
0.270398
0.353553
0.92388
0.146447
0.690335
0.503819
0.353102
0.924082
0.14626
0.270598
0.92388
0.270598
0.329486
0.536727
0.312929
0.896745
0.312929
0.270598
0.707107
0.653281
0.368276
0.438731
0.270398
0.707629
0.652799
0.5
0.707107
0.5
0.416596
0.478522
0.499631
0.707629
0.499631
0.270598
0.92388
0.270598
0.329486
0.536727
0.312929
0.896745
0.312929
0
1
0
0.214737
0.557441
-1.41603e-17
1
-4.3366e-17
0.146447
0.92388
0.353553
0.309665
0.503819
0.14626
0.924082
0.353102
0.146447
0.92388
0.353553
0.309665
0.503819
0.14626
0.924082
0.353102
0.270598
0.707107
0.653281
0.368276
0.438731
0.270398
0.707629
0.652799
0.270598
0.92388
0.270598
0.329486
0.536727
0.312929
0.896745
0.312929
0.146447
0.92388
0.353553
0.309665
0.503819
0.14626
0.924082
0.353102
0
1
0
0.214737
0.557441
-1.41603e-17
1
-4.3366e-17
2.34326e-17
0.92388
0.382683
0.284584
0.480569
2.36331e-18
0.896745
0.442548
2.34326e-17
0.92388
0.382683
0.284584
0.480569
2.36331e-18
0.896745
0.442548
0.270598
0.707107
0.653281
0.368276
0.438731
0.270398
0.707629
0.652799
0.146447
0.92388
0.353553
0.309665
0.503819
0.14626
0.924082
0.353102
2.34326e-17
0.92388
0.382683
0.284584
0.480569
2.36331e-18
0.896745
0.442548
-0.270598
0.707107
0.653281
0.278963
0.397546
-0.270398
0.707629
0.652799
4.32978e-17
0.707107
0.707107
0.322602
0.413334
7.14432e-18
0.707629
0.706585
2.34326e-17
0.92388
0.382683
0.284584
0.480569
2.36331e-18
0.896745
0.442548
0
1
0
0.214737
0.557441
-1.41603e-17
1
-4.3366e-17
-0.146447
0.92388
0.353553
0.256711
0.46571
-0.14626
0.924082
0.353102
-0.146447
0.92388
0.353553
0.256711
0.46571
-0.14626
0.924082
0.353102
-0.270598
0.707107
0.653281
0.278963
0.397546
-0.270398
0.707629
0.652799
2.34326e-17
0.92388
0.382683
0.284584
0.480569
2.36331e-18
0.896745
0.442548
-0.146447
0.92388
0.353553
0.256711
0.46571
-0.14626
0.924082
0.353102
0
1
0
0.214737
0.557441
-1.41603e-17
1
-4.3366e-17
-0.270598
0.92388
0.270598
0.227277
0.458326
-0.312929
0.896745
0.312929
-0.270598
0.92388
0.270598
0.227277
0.458326
-0.312929
0.896745
0.312929
-0.270598
0.707107
0.653281
0.278963
0.397546
-0.270398
0.707629
0.652799
-0.146447
0.92388
0.353553
0.256711
0.46571
-0.14626
0.924082
0.353102
-0.270598
0.92388
0.270598
0.227277
0.458326
-0.312929
0.896745
0.312929
-0.653281
0.707107
0.270598
0.192356
0.386589
-0.652799
0.707629
0.270398
-0.5
0.707107
0.5
0.236058
0.388921
-0.499631
0.707629
0.499631
-0.270598
0.92388
0.270598
0.227277
0.458326
-0.312929
0.896745
0.312929
0
1
0
0.214737
0.557441
-1.41603e-17
1
-4.3366e-17
-0.353553
0.92388
0.146447
0.196932
0.458147
-0.353102
0.924082
0.14626
-0.353553
0.92388
0.146447
0.196932
0.458147
-0.353102
0.924082
0.14626
-0.653281
0.707107
0.270598
0.192356
0.386589
-0.652799
0.707629
0.270398
-0.270598
0.92388
0.270598
0.227277
0.458326
-0.312929
0.896745
0.312929
-0.353553
0.92388
0.146447
0.196932
0.458147
-0.353102
0.924082
0.14626
0
1
0
0.214737
0.557441
-1.41603e-17
1
-4.3366e-17
-0.382683
0.92388
4.68652e-17
0.166235
0.465596
-0.442548
0.896745
2.12698e-17
-0.382683
0.92388
4.68652e-17
0.166235
0.465596
-0.442548
0.896745
2.12698e-17
-0.653281
0.707107
0.270598
0.192356
0.386589
-0.652799
0.707629
0.270398
-0.353553
0.92388
0.146447
0.196932
0.458147
-0.353102
0.924082
0.14626
-0.382683
0.92388
4.68652e-17
0.166235
0.465596
-0.442548
0.896745
2.12698e-17
-0.653281
0.707107
-0.270598
0.0956002
0.404233
-0.652799
0.707629
-0.270398
-0.707107
0.707107
8.65956e-17
0.14616
0.391011
-0.706585
0.707629
1.42886e-17
-0.382683
0.92388
4.68652e-17
0.166235
0.465596
-0.442548
0.896745
2.12698e-17
0
1
0
0.214737
0.557441
-1.41603e-17
1
-4.3366e-17
-0.353553
0.92388
-0.146447
0.136155
0.481867
-0.353102
0.924082
-0.14626
-0.353553
0.92388
-0.146447
0.136155
0.481867
-0.353102
0.924082
-0.14626
-0.653281
0.707107
-0.270598
0.0956002
0.404233
-0.652799
0.707629
-0.270398
-0.382683
0.92388
4.68652e-17
0.166235
0.465596
-0.442548
0.896745
2.12698e-17
-0.353553
0.92388
-0.146447
0.136155
0.481867
-0.353102
0.924082
-0.14626
0
1
0
0.214737
0.557441
-1.41603e-17
1
-4.3366e-17
-0.270598
0.92388
-0.270598
0.108762
0.508801
-0.312929
0.896745
-0.312929
-0.270598
0.92388
-0.270598
0.108762
0.508801
-0.312929
0.896745
-0.312929
-0.653281
0.707107
-0.270598
0.0956002
0.404233
-0.652799
0.707629
-0.270398
-0.353553
0.92388
-0.146447
0.136155
0.481867
-0.353102
0.924082
-0.14626
-0.270598
0.92388
-0.270598
0.891238
0.508801
-0.312929
0.896745
-0.312929
-0.270598
0.707107
-0.653281
0.9044
0.404233
-0.270398
0.707629
-0.652799
-0.5
0.707107
-0.5
0.961106
0.430736
-0.499631
0.707629
-0.499631
-0.270598
0.92388
-0.270598
0.891238
0.508801
-0.312929
0.896745
-0.312929
0
1
0
0.785263
0.557441
-1.41603e-17
1
-4.3366e-17
-0.146447
0.92388
-0.353553
0.863845
0.481867
-0.14626
0.924082
-0.353102
-0.146447
0.92388
-0.353553
0.863845
0.481867
-0.14626
0.924082
-0.353102
-0.270598
0.707107
-0.653281
0.9044
0.404233
-0.270398
0.707629
-0.652799
-0.270598
0.92388
-0.270598
0.891238
0.508801
-0.312929
0.896745
-0.312929
-0.146447
0.92388
-0.353553
0.863845
0.481867
-0.14626
0.924082
-0.353102
0
1
0
0.785263
0.557441
-1.41603e-17
1
-4.3366e-17
-7.02978e-17
0.92388
-0.382683
0.833765
0.465596
-3.7813e-17
0.896745
-0.442548
-7.02978e-17
0.92388
-0.382683
0.833765
0.465596
-3.7813e-17
0.896745
-0.442548
-0.270598
0.707107
-0.653281
0.9044
0.404233
-0.270398
0.707629
-0.652799
-0.146447
0.92388
-0.353553
0.863845
0.481867
-0.14626
0.924082
-0.353102
-7.02978e-17
0.92388
-0.382683
0.833765
0.465596
-3.7813e-17
0.896745
-0.442548
0.270598
0.707107
-0.653281
0.807644
0.386589
0.270398
0.707629
-0.652799
-1.29893e-16
0.707107
-0.707107
0.85384
0.391011
1.42886e-17
0.707629
-0.706585
-7.02978e-17
0.92388
-0.382683
0.833765
0.465596
-3.7813e-17
0.896745
-0.442548
0
1
0
0.785263
0.557441
-1.41603e-17
1
-4.3366e-17
0.146447
0.92388
-0.353553
0.803068
0.458147
0.14626
0.924082
-0.353102
0.146447
0.92388
-0.353553
0.803068
0.458147
0.14626
0.924082
-0.353102
0.270598
0.707107
-0.653281
0.807644
0.386589
0.270398
0.707629
-0.652799
-7.02978e-17
0.92388
-0.382683
0.833765
0.465596
-3.7813e-17
0.896745
-0.442548
0.146447
0.92388
-0.353553
0.803068
0.458147
0.14626
0.924082
-0.353102
0
1
0
0.785263
0.557441
-1.41603e-17
1
-4.3366e-17
0.270598
0.92388
-0.270598
0.772723
0.458326
0.312929
0.896745
-0.312929
0.270598
0.92388
-0.270598
0.772723
0.458326
0.312929
0.896745
-0.312929
0.270598
0.707107
-0.653281
0.807644
0.386589
0.270398
0.707629
-0.652799
0.146447
0.92388
-0.353553
0.803068
0.458147
0.14626
0.924082
-0.353102
0.270598
0.92388
-0.270598
0.772723
0.458326
0.312929
0.896745
-0.312929
0.653281
0.707107
-0.270598
0.721037
0.397546
0.652799
0.707629
-0.270398
0.5
0.707107
-0.5
0.763942
0.388921
0.499631
0.707629
-0.499631
0.270598
0.92388
-0.270598
0.772723
0.458326
0.312929
0.896745
-0.312929
0
1
0
0.785263
0.557441
-1.41603e-17
1
-4.3366e-17
0.353553
0.92388
-0.146447
0.743289
0.46571
0.353102
0.924082
-0.14626
0.353553
0.92388
-0.146447
0.743289
0.46571
0.353102
0.924082
-0.14626
0.653281
0.707107
-0.270598
0.721037
0.397546
0.652799
0.707629
-0.270398
0.270598
0.92388
-0.270598
0.772723
0.458326
0.312929
0.896745
-0.312929
0.353553
0.92388
-0.146447
0.743289
0.46571
0.353102
0.924082
-0.14626
0
1
0
0.785263
0.557441
-1.41603e-17
1
-4.3366e-17
0.382683
0.92388
0
0.715416
0.480569
0.442548
0.896745
-8.03525e-17
0.707107
0.707107
0
0.677398
0.413334
0.706585
0.707629
1.35742e-16
0.653281
0.707107
-0.270598
0.721037
0.397546
0.652799
0.707629
-0.270398
0.382683
0.92388
0
0.715416
0.480569
0.442548
0.896745
-8.03525e-17
0.707107
0.707107
0
0.677398
0.413334
0.706585
0.707629
1.35742e-16
0.92388
0.382683
0
0.655264
0.351697
0.923682
0.38316
-8.62743e-17
0.653281
0.707107
-0.270598
0.721037
0.397546
0.652799
0.707629
-0.270398
0.653281
0.707107
0.270598
0.631724
0.438731
0.652799
0.707629
0.270398
0.92388
0.382683
0
0.655264
0.351697
0.923682
0.38316
-8.62743e-17
0.707107
0.707107
0
0.677398
0.413334
0.706585
0.707629
1.35742e-16
0.653281
0.707107
0.270598
0.631724
0.438731
0.652799
0.707629
0.270398
0.653281
0.382683
0.653281
0.526682
0.399791
0.653142
0.38316
0.653142
0.853553
0.382683
0.353553
0.596802
0.370337
0.853371
0.38316
0.353478
0.5
0.707107
0.5
0.583404
0.478522
0.499631
0.707629
0.499631
0.653281
0.707107
0.270598
0.631724
0.438731
0.652799
0.707629
0.270398
0.270598
0.92388
0.270598
0.670514
0.536727
0.312929
0.896745
0.312929
0.5
0.707107
0.5
0.583404
0.478522
0.499631
0.707629
0.499631
0.653281
0.382683
0.653281
0.526682
0.399791
0.653142
0.38316
0.653142
0.653281
0.707107
0.270598
0.631724
0.438731
0.652799
0.707629
0.270398
0.270598
0.707107
0.653281
0.368276
0.438731
0.270398
0.707629
0.652799
0.653281
0.382683
0.653281
0.473318
0.399791
0.653142
0.38316
0.653142
0.5
0.707107
0.5
0.416596
0.478522
0.499631
0.707629
0.499631
0.270598
0.707107
0.653281
0.368276
0.438731
0.270398
0.707629
0.652799
5.65713e-17
0.382683
0.92388
0.344736
0.351697
1.07843e-17
0.38316
0.923682
0.353553
0.382683
0.853553
0.403198
0.370337
0.353478
0.38316
0.853371
4.32978e-17
0.707107
0.707107
0.322602
0.413334
7.14432e-18
0.707629
0.706585
0.270598
0.707107
0.653281
0.368276
0.438731
0.270398
0.707629
0.652799
2.34326e-17
0.92388
0.382683
0.284584
0.480569
2.36331e-18
0.896745
0.442548
4.32978e-17
0.707107
0.707107
0.322602
0.413334
7.14432e-18
0.707629
0.706585
5.65713e-17
0.382683
0.92388
0.344736
0.351697
1.07843e-17
0.38316
0.923682
0.270598
0.707107
0.653281
0.368276
0.438731
0.270398
0.707629
0.652799
-0.270598
0.707107
0.653281
0.278963
0.397546
-0.270398
0.707629
0.652799
5.65713e-17
0.382683
0.92388
0.344736
0.351697
1.07843e-17
0.38316
0.923682
4.32978e-17
0.707107
0.707107
0.322602
0.413334
7.14432e-18
0.707629
0.706585
-0.270598
0.707107
0.653281
0.278963
0.397546
-0.270398
0.707629
0.652799
-0.653281
0.382683
0.653281
0.243329
0.331447
-0.653142
0.38316
0.653142
-0.353553
0.382683
0.853553
0.292693
0.33943
-0.353478
0.38316
0.853371
-0.5
0.707107
0.5
0.236058
0.388921
-0.499631
0.707629
0.499631
-0.270598
0.707107
0.653281
0.278963
0.397546
-0.270398
0.707629
0.652799
-0.270598
0.92388
0.270598
0.227277
0.458326
-0.312929
0.896745
0.312929
-0.5
0.707107
0.5
0.236058
0.388921
-0.499631
0.707629
0.499631
-0.653281
0.382683
0.653281
0.243329
0.331447
-0.653142
0.38316
0.653142
-0.270598
0.707107
0.653281
0.278963
0.397546
-0.270398
0.707629
0.652799
-0.653281
0.707107
0.270598
0.192356
0.386589
-0.652799
0.707629
0.270398
-0.653281
0.382683
0.653281
0.243329
0.331447
-0.653142
0.38316
0.653142
-0.5
0.707107
0.5
0.236058
0.388921
-0.499631
0.707629
0.499631
-0.653281
0.707107
0.270598
0.192356
0.386589
-0.652799
0.707629
0.270398
-0.92388
0.382683
1.13143e-16
0.140074
0.325804
-0.923682
0.38316
7.18953e-18
-0.853553
0.382683
0.353553
0.193533
0.326885
-0.853371
0.38316
0.353478
-0.707107
0.707107
8.65956e-17
0.14616
0.391011
-0.706585
0.707629
1.42886e-17
-0.653281
0.707107
0.270598
0.192356
0.386589
-0.652799
0.707629
0.270398
-0.382683
0.92388
4.68652e-17
0.166235
0.465596
-0.442548
0.896745
2.12698e-17
-0.707107
0.707107
8.65956e-17
0.14616
0.391011
-0.706585
0.707629
1.42886e-17
-0.92388
0.382683
1.13143e-16
0.140074
0.325804
-0.923682
0.38316
7.18953e-18
-0.653281
0.707107
0.270598
0.192356
0.386589
-0.652799
0.707629
0.270398
-0.653281
0.707107
-0.270598
0.0956002
0.404233
-0.652799
0.707629
-0.270398
-0.92388
0.382683
1.13143e-16
0.140074
0.325804
-0.923682
0.38316
7.18953e-18
-0.707107
0.707107
8.65956e-17
0.14616
0.391011
-0.706585
0.707629
1.42886e-17
-0.653281
0.707107
-0.270598
0.0956002
0.404233
-0.652799
0.707629
-0.270398
-0.653281
0.382683
-0.653281
0.0035662
0.340359
-0.653142
0.38316
-0.653142
-0.853553
0.382683
-0.353553
0.0788124
0.329297
-0.853371
0.38316
-0.353478
-0.5
0.707107
-0.5
0.0388935
0.430736
-0.499631
0.707629
-0.499631
-0.653281
0.707107
-0.270598
0.0956002
0.404233
-0.652799
0.707629
-0.270398
-0.270598
0.92388
-0.270598
0.108762
0.508801
-0.312929
0.896745
-0.312929
-0.5
0.707107
-0.5
0.0388935
0.430736
-0.499631
0.707629
-0.499631
-0.653281
0.382683
-0.653281
0.0035662
0.340359
-0.653142
0.38316
-0.653142
-0.653281
0.707107
-0.270598
0.0956002
0.404233
-0.652799
0.707629
-0.270398
-0.270598
0.707107
-0.653281
0.9044
0.404233
-0.270398
0.707629
-0.652799
-0.653281
0.382683
-0.653281
0.996434
0.340359
-0.653142
0.38316
-0.653142
-0.5
0.707107
-0.5
0.961106
0.430736
-0.499631
0.707629
-0.499631
-0.270598
0.707107
-0.653281
0.9044
0.404233
-0.270398
0.707629
-0.652799
-1.69714e-16
0.382683
-0.92388
0.859926
0.325804
-4.31372e-17
0.38316
-0.923682
-0.353553
0.382683
-0.853553
0.921188
0.329297
-0.353478
0.38316
-0.853371
-1.29893e-16
0.707107
-0.707107
0.85384
0.391011
1.42886e-17
0.707629
-0.706585
-0.270598
0.707107
-0.653281
0.9044
0.404233
-0.270398
0.707629
-0.652799
-7.02978e-17
0.92388
-0.382683
0.833765
0.465596
-3.7813e-17
0.896745
-0.442548
-1.29893e-16
0.707107
-0.707107
0.85384
0.391011
1.42886e-17
0.707629
-0.706585
-1.69714e-16
0.382683
-0.92388
0.859926
0.325804
-4.31372e-17
0.38316
-0.923682
-0.270598
0.707107
-0.653281
0.9044
0.404233
-0.270398
0.707629
-0.652799
0.270598
0.707107
-0.653281
0.807644
0.386589
0.270398
0.707629
-0.652799
-1.69714e-16
0.382683
-0.92388
0.859926
0.325804
-4.31372e-17
0.38316
-0.923682
-1.29893e-16
0.707107
-0.707107
0.85384
0.391011
1.42886e-17
0.707629
-0.706585
0.270598
0.707107
-0.653281
0.807644
0.386589
0.270398
0.707629
-0.652799
0.653281
0.382683
-0.653281
0.756671
0.331447
0.653142
0.38316
-0.653142
0.353553
0.382683
-0.853553
0.806467
0.326885
0.353478
0.38316
-0.853371
0.5
0.707107
-0.5
0.763942
0.388921
0.499631
0.707629
-0.499631
0.270598
0.707107
-0.653281
0.807644
0.386589
0.270398
0.707629
-0.652799
0.270598
0.92388
-0.270598
0.772723
0.458326
0.312929
0.896745
-0.312929
0.5
0.707107
-0.5
0.763942
0.388921
0.499631
0.707629
-0.499631
0.653281
0.382683
-0.653281
0.756671
0.331447
0.653142
0.38316
-0.653142
0.270598
0.707107
-0.653281
0.807644
0.386589
0.270398
0.707629
-0.652799
0.653281
0.707107
-0.270598
0.721037
0.397546
0.652799
0.707629
-0.270398
0.92388
0.382683
0
0.655264
0.351697
0.923682
0.38316
-8.62743e-17
0.853553
0.382683
-0.353553
0.707307
0.33943
0.853371
0.38316
-0.353478
0.653281
0.707107
-0.270598
0.721037
0.397546
0.652799
0.707629
-0.270398
0.653281
0.382683
-0.653281
0.756671
0.331447
0.653142
0.38316
-0.653142
0.5
0.707107
-0.5
0.763942
0.388921
0.499631
0.707629
-0.499631
0.92388
0.382683
0
0.655264
0.351697
0.923682
0.38316
-8.62743e-17
0.92388
6.12323e-17
0.382683
0.579753
0.30026
0.92388
-1.80205e-17
0.382683
1
6.12323e-17
0
0.643396
0.292208
1
0
-1.08123e-16
0.92388
0.382683
0
0.655264
0.351697
0.923682
0.38316
-8.62743e-17
0.92388
6.12323e-17
-0.382683
0.698563
0.285228
0.92388
-6.12698e-17
-0.382683
0.853553
0.382683
-0.353553
0.707307
0.33943
0.853371
0.38316
-0.353478
0.853553
0.382683
0.353553
0.596802
0.370337
0.853371
0.38316
0.353478
0.92388
0.382683
0
0.655264
0.351697
0.923682
0.38316
-8.62743e-17
0.653281
0.707107
0.270598
0.631724
0.438731
0.652799
0.707629
0.270398
0.853553
0.382683
0.353553
0.596802
0.370337
0.853371
0.38316
0.353478
0.92388
6.12323e-17
0.382683
0.579753
0.30026
0.92388
-1.80205e-17
0.382683
0.92388
0.382683
0
0.655264
0.351697
0.923682
0.38316
-8.62743e-17
0.653281
0.382683
0.653281
0.526682
0.399791
0.653142
0.38316
0.653142
0.92388
6.12323e-17
0.382683
0.579753
0.30026
0.92388
-1.80205e-17
0.382683
0.853553
0.382683
0.353553
0.596802
0.370337
0.853371
0.38316
0.353478
0.653281
0.382683
0.653281
0.473318
0.399791
0.653142
0.38316
0.653142
0.382683
6.12323e-17
0.92388
0.420247
0.30026
0.382683
3.60411e-17
0.92388
0.707107
6.12323e-17
0.707107
0.5
0.31035
0.707107
0
0.707107
0.353553
0.382683
0.853553
0.403198
0.370337
0.353478
0.38316
0.853371
0.653281
0.382683
0.653281
0.473318
0.399791
0.653142
0.38316
0.653142
0.270598
0.707107
0.653281
0.368276
0.438731
0.270398
0.707629
0.652799
0.353553
0.382683
0.853553
0.403198
0.370337
0.353478
0.38316
0.853371
0.382683
6.12323e-17
0.92388
0.420247
0.30026
0.382683
3.60411e-17
0.92388
0.653281
0.382683
0.653281
0.473318
0.399791
0.653142
0.38316
0.653142
5.65713e-17
0.382683
0.92388
0.344736
0.351697
1.07843e-17
0.38316
0.923682
0.382683
6.12323e-17
0.92388
0.420247
0.30026
0.382683
3.60411e-17
0.92388
0.353553
0.382683
0.853553
0.403198
0.370337
0.353478
0.38316
0.853371
5.65713e-17
0.382683
0.92388
0.344736
0.351697
1.07843e-17
0.38316
0.923682
-0.382683
6.12323e-17
0.92388
0.301437
0.285228
-0.382683
1.80205e-17
0.92388
6.12323e-17
6.12323e-17
1
0.356604
0.292208
0
7.20821e-18
1
-0.353553
0.382683
0.853553
0.292693
0.33943
-0.353478
0.38316
0.853371
5.65713e-17
0.382683
0.92388
0.344736
0.351697
1.07843e-17
0.38316
0.923682
-0.270598
0.707107
0.653281
0.278963
0.397546
-0.270398
0.707629
0.652799
-0.353553
0.382683
0.853553
0.292693
0.33943
-0.353478
0.38316
0.853371
-0.382683
6.12323e-17
0.92388
0.301437
0.285228
-0.382683
1.80205e-17
0.92388
5.65713e-17
0.382683
0.92388
0.344736
0.351697
1.07843e-17
0.38316
0.923682
-0.653281
0.382683
0.653281
0.243329
0.331447
-0.653142
0.38316
0.653142
-0.382683
6.12323e-17
0.92388
0.301437
0.285228
-0.382683
1.80205e-17
0.92388
-0.353553
0.382683
0.853553
0.292693
0.33943
-0.353478
0.38316
0.853371
-0.653281
0.382683
0.653281
0.243329
0.331447
-0.653142
0.38316
0.653142
-0.92388
6.12323e-17
0.382683
0.198563
0.272213
-0.92388
0
0.382683
-0.707107
6.12323e-17
0.707107
0.25
0.278721
-0.707107
1.44164e-17
0.707107
-0.853553
0.382683
0.353553
0.193533
0.326885
-0.853371
0.38316
0.353478
-0.653281
0.382683
0.653281
0.243329
0.331447
-0.653142
0.38316
0.653142
-0.653281
0.707107
0.270598
0.192356
0.386589
-0.652799
0.707629
0.270398
-0.853553
0.382683
0.353553
0.193533
0.326885
-0.853371
0.38316
0.353478
-0.92388
6.12323e-17
0.382683
0.198563
0.272213
-0.92388
0
0.382683
-0.653281
0.382683
0.653281
0.243329
0.331447
-0.653142
0.38316
0.653142
-0.92388
0.382683
1.13143e-16
0.140074
0.325804
-0.923682
0.38316
7.18953e-18
-0.92388
6.12323e-17
0.382683
0.198563
0.272213
-0.92388
0
0.382683
-0.853553
0.382683
0.353553
0.193533
0.326885
-0.853371
0.38316
0.353478
-0.92388
0.382683
1.13143e-16
0.140074
0.325804
-0.923682
0.38316
7.18953e-18
-0.92388
6.12323e-17
-0.382683
0.0797525
0.257181
-0.92388
-5.04575e-17
-0.382683
-1
6.12323e-17
1.22465e-16
0.143396
0.265233
-1
0
7.20821e-18
-0.853553
0.382683
-0.353553
0.0788124
0.329297
-0.853371
0.38316
-0.353478
-0.92388
0.382683
1.13143e-16
0.140074
0.325804
-0.923682
0.38316
7.18953e-18
-0.653281
0.707107
-0.270598
0.0956002
0.404233
-0.652799
0.707629
-0.270398
-0.853553
0.382683
-0.353553
0.0788124
0.329297
-0.853371
0.38316
-0.353478
-0.92388
6.12323e-17
-0.382683
0.0797525
0.257181
-0.92388
-5.04575e-17
-0.382683
-0.92388
0.382683
1.13143e-16
0.140074
0.325804
-0.923682
0.38316
7.18953e-18
-0.653281
0.382683
-0.653281
0.0035662
0.340359
-0.653142
0.38316
-0.653142
-0.92388
6.12323e-17
-0.382683
0.0797525
0.257181
-0.92388
-5.04575e-17
-0.382683
-0.853553
0.382683
-0.353553
0.0788124
0.329297
-0.853371
0.38316
-0.353478
-0.653281
0.382683
-0.653281
0.996434
0.340359
-0.653142
0.38316
-0.653142
-0.382683
6.12323e-17
-0.92388
0.920247
0.257181
-0.382683
-1.44164e-17
-0.92388
-0.707107
6.12323e-17
-0.707107
1
0.247091
-0.707107
-9.37068e-17
-0.707107
-0.353553
0.382683
-0.853553
0.921188
0.329297
-0.353478
0.38316
-0.853371
-0.653281
0.382683
-0.653281
0.996434
0.340359
-0.653142
0.38316
-0.653142
-0.270598
0.707107
-0.653281
0.9044
0.404233
-0.270398
0.707629
-0.652799
-0.353553
0.382683
-0.853553
0.921188
0.329297
-0.353478
0.38316
-0.853371
-0.382683
6.12323e-17
-0.92388
0.920247
0.257181
-0.382683
-1.44164e-17
-0.92388
-0.653281
0.382683
-0.653281
0.996434
0.340359
-0.653142
0.38316
-0.653142
-1.69714e-16
0.382683
-0.92388
0.859926
0.325804
-4.31372e-17
0.38316
-0.923682
-0.382683
6.12323e-17
-0.92388
0.920247
0.257181
-0.382683
-1.44164e-17
-0.92388
-0.353553
0.382683
-0.853553
0.921188
0.329297
-0.353478
0.38316
-0.853371
-1.69714e-16
0.382683
-0.92388
0.859926
0.325804
-4.31372e-17
0.38316
-0.923682
0.382683
6.12323e-17
-0.92388
0.801437
0.272213
0.382683
1.08123e-17
-0.92388
-1.83697e-16
6.12323e-17
-1
0.856604
0.265233
-3.67619e-16
7.20821e-18
-1
0.353553
0.382683
-0.853553
0.806467
0.326885
0.353478
0.38316
-0.853371
-1.69714e-16
0.382683
-0.92388
0.859926
0.325804
-4.31372e-17
0.38316
-0.923682
0.270598
0.707107
-0.653281
0.807644
0.386589
0.270398
0.707629
-0.652799
0.353553
0.382683
-0.853553
0.806467
0.326885
0.353478
0.38316
-0.853371
0.382683
6.12323e-17
-0.92388
0.801437
0.272213
0.382683
1.08123e-17
-0.92388
-1.69714e-16
0.382683
-0.92388
0.859926
0.325804
-4.31372e-17
0.38316
-0.923682
0.653281
0.382683
-0.653281
0.756671
0.331447
0.653142
0.38316
-0.653142
0.382683
6.12323e-17
-0.92388
0.801437
0.272213
0.382683
1.08123e-17
-0.92388
0.353553
0.382683
-0.853553
0.806467
0.326885
0.353478
0.38316
-0.853371
0.653281
0.382683
-0.653281
0.756671
0.331447
0.653142
0.38316
-0.653142
0.92388
6.12323e-17
-0.382683
0.698563
0.285228
0.92388
-6.12698e-17
-0.382683
0.707107
6.12323e-17
-0.707107
0.75
0.278721
0.707107
-1.44164e-17
-0.707107
0.853553
0.382683
-0.353553
0.707307
0.33943
0.853371
0.38316
-0.353478
0.653281
0.382683
-0.653281
0.756671
0.331447
0.653142
0.38316
-0.653142
0.653281
0.707107
-0.270598
0.721037
0.397546
0.652799
0.707629
-0.270398
0.853553
0.382683
-0.353553
0.707307
0.33943
0.853371
0.38316
-0.353478
0.92388
6.12323e-17
-0.382683
0.698563
0.285228
0.92388
-6.12698e-17
-0.382683
0.653281
0.382683
-0.653281
0.756671
0.331447
0.653142
0.38316
-0.653142
1
6.12323e-17
0
0.643396
0.292208
1
0
-1.08123e-16
0.92388
6.12323e-17
-0.382683
0.698563
0.285228
0.92388
-6.12698e-17
-0.382683
0.92388
0.382683
0
0.655264
0.351697
0.923682
0.38316
-8.62743e-17
1
6.12323e-17
0
0.643396
0.292208
1
0
-1.08123e-16
0.92388
-0.382683
0
0.640074
0.231638
0.923682
-0.38316
-1.40196e-16
0.92388
6.12323e-17
-0.382683
0.698563
0.285228
0.92388
-6.12698e-17
-0.382683
0.92388
6.12323e-17
0.382683
0.579753
0.30026
0.92388
-1.80205e-17
0.382683
0.92388
-0.382683
0
0.640074
0.231638
0.923682
-0.38316
-1.40196e-16
1
6.12323e-17
0
0.643396
0.292208
1
0
-1.08123e-16
0.92388
6.12323e-17
0.382683
0.579753
0.30026
0.92388
-1.80205e-17
0.382683
0.653281
-0.382683
0.653281
0.503566
0.217082
0.653142
-0.38316
0.653142
0.853553
-0.382683
0.353553
0.578812
0.228144
0.853371
-0.38316
0.353478
0.707107
6.12323e-17
0.707107
0.5
0.31035
0.707107
0
0.707107
0.92388
6.12323e-17
0.382683
0.579753
0.30026
0.92388
-1.80205e-17
0.382683
0.653281
0.382683
0.653281
0.526682
0.399791
0.653142
0.38316
0.653142
0.707107
6.12323e-17
0.707107
0.5
0.31035
0.707107
0
0.707107
0.653281
-0.382683
0.653281
0.503566
0.217082
0.653142
-0.38316
0.653142
0.92388
6.12323e-17
0.382683
0.579753
0.30026
0.92388
-1.80205e-17
0.382683
0.382683
6.12323e-17
0.92388
0.420247
0.30026
0.382683
3.60411e-17
0.92388
0.653281
-0.382683
0.653281
0.496434
0.217082
0.653142
-0.38316
0.653142
0.707107
6.12323e-17
0.707107
0.5
0.31035
0.707107
0
0.707107
0.382683
6.12323e-17
0.92388
0.420247
0.30026
0.382683
3.60411e-17
0.92388
5.65713e-17
-0.382683
0.92388
0.359926
0.231638
7.18953e-18
-0.38316
0.923682
0.353553
-0.382683
0.853553
0.421188
0.228144
0.353478
-0.38316
0.853371
6.12323e-17
6.12323e-17
1
0.356604
0.292208
0
7.20821e-18
1
0.382683
6.12323e-17
0.92388
0.420247
0.30026
0.382683
3.60411e-17
0.92388
5.65713e-17
0.382683
0.92388
0.344736
0.351697
1.07843e-17
0.38316
0.923682
6.12323e-17
6.12323e-17
1
0.356604
0.292208
0
7.20821e-18
1
5.65713e-17
-0.382683
0.92388
0.359926
0.231638
7.18953e-18
-0.38316
0.923682
0.382683
6.12323e-17
0.92388
0.420247
0.30026
0.382683
3.60411e-17
0.92388
-0.382683
6.12323e-17
0.92388
0.301437
0.285228
-0.382683
1.80205e-17
0.92388
5.65713e-17
-0.382683
0.92388
0.359926
0.231638
7.18953e-18
-0.38316
0.923682
6.12323e-17
6.12323e-17
1
0.356604
0.292208
0
7.20821e-18
1
-0.382683
6.12323e-17
0.92388
0.301437
0.285228
-0.382683
1.80205e-17
0.92388
-0.653281
-0.382683
0.653281
0.256671
0.225994
-0.653142
-0.38316
0.653142
-0.353553
-0.382683
0.853553
0.306467
0.230557
-0.353478
-0.38316
0.853371
-0.707107
6.12323e-17
0.707107
0.25
0.278721
-0.707107
1.44164e-17
0.707107
-0.382683
6.12323e-17
0.92388
0.301437
0.285228
-0.382683
1.80205e-17
0.92388
-0.653281
0.382683
0.653281
0.243329
0.331447
-0.653142
0.38316
0.653142
-0.707107
6.12323e-17
0.707107
0.25
0.278721
-0.707107
1.44164e-17
0.707107
-0.653281
-0.382683
0.653281
0.256671
0.225994
-0.653142
-0.38316
0.653142
-0.382683
6.12323e-17
0.92388
0.301437
0.285228
-0.382683
1.80205e-17
0.92388
-0.92388
6.12323e-17
0.382683
0.198563
0.272213
-0.92388
0
0.382683
-0.653281
-0.382683
0.653281
0.256671
0.225994
-0.653142
-0.38316
0.653142
-0.707107
6.12323e-17
0.707107
0.25
0.278721
-0.707107
1.44164e-17
0.707107
-0.92388
6.12323e-17
0.382683
0.198563
0.272213
-0.92388
0
0.382683
-0.92388
-0.382683
1.13143e-16
0.155264
0.205744
-0.923682
-0.38316
2.87581e-17
-0.853553
-0.382683
0.353553
0.207307
0.218011
-0.853371
-0.38316
0.353478
-1
6.12323e-17
1.22465e-16
0.143396
0.265233
-1
0
7.20821e-18
-0.92388
6.12323e-17
0.382683
0.198563
0.272213
-0.92388
0
0.382683
-0.92388
0.382683
1.13143e-16
0.140074
0.325804
-0.923682
0.38316
7.18953e-18
-1
6.12323e-17
1.22465e-16
0.143396
0.265233
-1
0
7.20821e-18
-0.92388
-0.382683
1.13143e-16
0.155264
0.205744
-0.923682
-0.38316
2.87581e-17
-0.92388
6.12323e-17
0.382683
0.198563
0.272213
-0.92388
0
0.382683
-0.92388
6.12323e-17
-0.382683
0.0797525
0.257181
-0.92388
-5.04575e-17
-0.382683
-0.92388
-0.382683
1.13143e-16
0.155264
0.205744
-0.923682
-0.38316
2.87581e-17
-1
6.12323e-17
1.22465e-16
0.143396
0.265233
-1
0
7.20821e-18
-0.92388
6.12323e-17
-0.382683
0.0797525
0.257181
-0.92388
-5.04575e-17
-0.382683
-0.653281
-0.382683
-0.653281
0.026682
0.15765
-0.653142
-0.38316
-0.653142
-0.853553
-0.382683
-0.353553
0.0968022
0.187104
-0.853371
-0.38316
-0.353478
-0.707107
6.12323e-17
-0.707107
0
0.247091
-0.707107
-9.37068e-17
-0.707107
-0.92388
6.12323e-17
-0.382683
0.0797525
0.257181
-0.92388
-5.04575e-17
-0.382683
-0.653281
0.382683
-0.653281
0.0035662
0.340359
-0.653142
0.38316
-0.653142
-0.707107
6.12323e-17
-0.707107
0
0.247091
-0.707107
-9.37068e-17
-0.707107
-0.653281
-0.382683
-0.653281
0.026682
0.15765
-0.653142
-0.38316
-0.653142
-0.92388
6.12323e-17
-0.382683
0.0797525
0.257181
-0.92388
-5.04575e-17
-0.382683
-0.382683
6.12323e-17
-0.92388
0.920247
0.257181
-0.382683
-1.44164e-17
-0.92388
-0.653281
-0.382683
-0.653281
0.973318
0.15765
-0.653142
-0.38316
-0.653142
-0.707107
6.12323e-17
-0.707107
1
0.247091
-0.707107
-9.37068e-17
-0.707107
-0.382683
6.12323e-17
-0.92388
0.920247
0.257181
-0.382683
-1.44164e-17
-0.92388
-1.69714e-16
-0.382683
-0.92388
0.844736
0.205744
7.18953e-18
-0.38316
-0.923682
-0.353553
-0.382683
-0.853553
0.903198
0.187104
-0.353478
-0.38316
-0.853371
-1.83697e-16
6.12323e-17
-1
0.856604
0.265233
-3.67619e-16
7.20821e-18
-1
-0.382683
6.12323e-17
-0.92388
0.920247
0.257181
-0.382683
-1.44164e-17
-0.92388
-1.69714e-16
0.382683
-0.92388
0.859926
0.325804
-4.31372e-17
0.38316
-0.923682
-1.83697e-16
6.12323e-17
-1
0.856604
0.265233
-3.67619e-16
7.20821e-18
-1
-1.69714e-16
-0.382683
-0.92388
0.844736
0.205744
7.18953e-18
-0.38316
-0.923682
-0.382683
6.12323e-17
-0.92388
0.920247
0.257181
-0.382683
-1.44164e-17
-0.92388
0.382683
6.12323e-17
-0.92388
0.801437
0.272213
0.382683
1.08123e-17
-0.92388
-1.69714e-16
-0.382683
-0.92388
0.844736
0.205744
7.18953e-18
-0.38316
-0.923682
-1.83697e-16
6.12323e-17
-1
0.856604
0.265233
-3.67619e-16
7.20821e-18
-1
0.382683
6.12323e-17
-0.92388
0.801437
0.272213
0.382683
1.08123e-17
-0.92388
0.653281
-0.382683
-0.653281
0.743329
0.225994
0.653142
-0.38316
-0.653142
0.353553
-0.382683
-0.853553
0.792693
0.218011
0.353478
-0.38316
-0.853371
0.707107
6.12323e-17
-0.707107
0.75
0.278721
0.707107
-1.44164e-17
-0.707107
0.382683
6.12323e-17
-0.92388
0.801437
0.272213
0.382683
1.08123e-17
-0.92388
0.653281
0.382683
-0.653281
0.756671
0.331447
0.653142
0.38316
-0.653142
0.707107
6.12323e-17
-0.707107
0.75
0.278721
0.707107
-1.44164e-17
-0.707107
0.653281
-0.382683
-0.653281
0.743329
0.225994
0.653142
-0.38316
-0.653142
0.382683
6.12323e-17
-0.92388
0.801437
0.272213
0.382683
1.08123e-17
-0.92388
0.92388
6.12323e-17
-0.382683
0.698563
0.285228
0.92388
-6.12698e-17
-0.382683
0.92388
-0.382683
0
0.640074
0.231638
0.923682
-0.38316
-1.40196e-16
0.853553
-0.382683
-0.353553
0.693533
0.230557
0.853371
-0.38316
-0.353478
0.92388
6.12323e-17
-0.382683
0.698563
0.285228
0.92388
-6.12698e-17
-0.382683
0.653281
-0.382683
-0.653281
0.743329
0.225994
0.653142
-0.38316
-0.653142
0.707107
6.12323e-17
-0.707107
0.75
0.278721
0.707107
-1.44164e-17
-0.707107
0.92388
-0.382683
0
0.640074
0.231638
0.923682
-0.38316
-1.40196e-16
0.653281
-0.707107
0.270598
0.5956
0.153208
0.652799
-0.707629
0.270398
0.707107
-0.707107
0
0.64616
0.16643
0.706585
-0.707629
-5.71546e-17
0.92388
-0.382683
0
0.640074
0.231638
0.923682
-0.38316
-1.40196e-16
0.653281
-0.707107
-0.270598
0.692356
0.170853
0.652799
-0.707629
-0.270398
0.853553
-0.382683
-0.353553
0.693533
0.230557
0.853371
-0.38316
-0.353478
0.853553
-0.382683
0.353553
0.578812
0.228144
0.853371
-0.38316
0.353478
0.92388
-0.382683
0
0.640074
0.231638
0.923682
-0.38316
-1.40196e-16
0.92388
6.12323e-17
0.382683
0.579753
0.30026
0.92388
-1.80205e-17
0.382683
0.853553
-0.382683
0.353553
0.578812
0.228144
0.853371
-0.38316
0.353478
0.653281
-0.707107
0.270598
0.5956
0.153208
0.652799
-0.707629
0.270398
0.92388
-0.382683
0
0.640074
0.231638
0.923682
-0.38316
-1.40196e-16
0.653281
-0.382683
0.653281
0.503566
0.217082
0.653142
-0.38316
0.653142
0.653281
-0.707107
0.270598
0.5956
0.153208
0.652799
-0.707629
0.270398
0.853553
-0.382683
0.353553
0.578812
0.228144
0.853371
-0.38316
0.353478
0.653281
-0.382683
0.653281
0.496434
0.217082
0.653142
-0.38316
0.653142
0.270598
-0.707107
0.653281
0.4044
0.153208
0.270398
-0.707629
0.652799
0.5
-0.707107
0.5
0.461106
0.126705
0.499631
-0.707629
0.499631
0.353553
-0.382683
0.853553
0.421188
0.228144
0.353478
-0.38316
0.853371
0.653281
-0.382683
0.653281
0.496434
0.217082
0.653142
-0.38316
0.653142
0.382683
6.12323e-17
0.92388
0.420247
0.30026
0.382683
3.60411e-17
0.92388
0.353553
-0.382683
0.853553
0.421188
0.228144
0.353478
-0.38316
0.853371
0.270598
-0.707107
0.653281
0.4044
0.153208
0.270398
-0.707629
0.652799
0.653281
-0.382683
0.653281
0.496434
0.217082
0.653142
-0.38316
0.653142
5.65713e-17
-0.382683
0.92388
0.359926
0.231638
7.18953e-18
-0.38316
0.923682
0.270598
-0.707107
0.653281
0.4044
0.153208
0.270398
-0.707629
0.652799
0.353553
-0.382683
0.853553
0.421188
0.228144
0.353478
-0.38316
0.853371
5.65713e-17
-0.382683
0.92388
0.359926
0.231638
7.18953e-18
-0.38316
0.923682
-0.270598
-0.707107
0.653281
0.307644
0.170853
-0.270398
-0.707629
0.652799
4.32978e-17
-0.707107
0.707107
0.35384
0.16643
1.42886e-17
-0.707629
0.706585
-0.353553
-0.382683
0.853553
0.306467
0.230557
-0.353478
-0.38316
0.853371
5.65713e-17
-0.382683
0.92388
0.359926
0.231638
7.18953e-18
-0.38316
0.923682
-0.382683
6.12323e-17
0.92388
0.301437
0.285228
-0.382683
1.80205e-17
0.92388
-0.353553
-0.382683
0.853553
0.306467
0.230557
-0.353478
-0.38316
0.853371
-0.270598
-0.707107
0.653281
0.307644
0.170853
-0.270398
-0.707629
0.652799
5.65713e-17
-0.382683
0.92388
0.359926
0.231638
7.18953e-18
-0.38316
0.923682
-0.653281
-0.382683
0.653281
0.256671
0.225994
-0.653142
-0.38316
0.653142
-0.270598
-0.707107
0.653281
0.307644
0.170853
-0.270398
-0.707629
0.652799
-0.353553
-0.382683
0.853553
0.306467
0.230557
-0.353478
-0.38316
0.853371
-0.653281
-0.382683
0.653281
0.256671
0.225994
-0.653142
-0.38316
0.653142
-0.653281
-0.707107
0.270598
0.221037
0.159895
-0.652799
-0.707629
0.270398
-0.5
-0.707107
0.5
0.263942
0.16852
-0.499631
-0.707629
0.499631
-0.853553
-0.382683
0.353553
0.207307
0.218011
-0.853371
-0.38316
0.353478
-0.653281
-0.382683
0.653281
0.256671
0.225994
-0.653142
-0.38316
0.653142
-0.92388
6.12323e-17
0.382683
0.198563
0.272213
-0.92388
0
0.382683
-0.853553
-0.382683
0.353553
0.207307
0.218011
-0.853371
-0.38316
0.353478
-0.653281
-0.707107
0.270598
0.221037
0.159895
-0.652799
-0.707629
0.270398
-0.653281
-0.382683
0.653281
0.256671
0.225994
-0.653142
-0.38316
0.653142
-0.92388
-0.382683
1.13143e-16
0.155264
0.205744
-0.923682
-0.38316
2.87581e-17
-0.653281
-0.707107
0.270598
0.221037
0.159895
-0.652799
-0.707629
0.270398
-0.853553
-0.382683
0.353553
0.207307
0.218011
-0.853371
-0.38316
0.353478
-0.92388
-0.382683
1.13143e-16
0.155264
0.205744
-0.923682
-0.38316
2.87581e-17
-0.653281
-0.707107
-0.270598
0.131724
0.11871
-0.652799
-0.707629
-0.270398
-0.707107
-0.707107
8.65956e-17
0.177398
0.144107
-0.706585
-0.707629
7.14432e-18
-0.853553
-0.382683
-0.353553
0.0968022
0.187104
-0.853371
-0.38316
-0.353478
-0.92388
-0.382683
1.13143e-16
0.155264
0.205744
-0.923682
-0.38316
2.87581e-17
-0.92388
6.12323e-17
-0.382683
0.0797525
0.257181
-0.92388
-5.04575e-17
-0.382683
-0.853553
-0.382683
-0.353553
0.0968022
0.187104
-0.853371
-0.38316
-0.353478
-0.653281
-0.707107
-0.270598
0.131724
0.11871
-0.652799
-0.707629
-0.270398
-0.92388
-0.382683
1.13143e-16
0.155264
0.205744
-0.923682
-0.38316
2.87581e-17
-0.653281
-0.382683
-0.653281
0.026682
0.15765
-0.653142
-0.38316
-0.653142
-0.653281
-0.707107
-0.270598
0.131724
0.11871
-0.652799
-0.707629
-0.270398
-0.853553
-0.382683
-0.353553
0.0968022
0.187104
-0.853371
-0.38316
-0.353478
-0.653281
-0.382683
-0.653281
0.973318
0.15765
-0.653142
-0.38316
-0.653142
-0.270598
-0.707107
-0.653281
0.868276
0.11871
-0.270398
-0.707629
-0.652799
-0.5
-0.707107
-0.5
0.916596
0.078919
-0.499631
-0.707629
-0.499631
-0.353553
-0.382683
-0.853553
0.903198
0.187104
-0.353478
-0.38316
-0.853371
-0.653281
-0.382683
-0.653281
0.973318
0.15765
-0.653142
-0.38316
-0.653142
-0.382683
6.12323e-17
-0.92388
0.920247
0.257181
-0.382683
-1.44164e-17
-0.92388
-0.353553
-0.382683
-0.853553
0.903198
0.187104
-0.353478
-0.38316
-0.853371
-0.270598
-0.707107
-0.653281
0.868276
0.11871
-0.270398
-0.707629
-0.652799
-0.653281
-0.382683
-0.653281
0.973318
0.15765
-0.653142
-0.38316
-0.653142
-1.69714e-16
-0.382683
-0.92388
0.844736
0.205744
7.18953e-18
-0.38316
-0.923682
-0.270598
-0.707107
-0.653281
0.868276
0.11871
-0.270398
-0.707629
-0.652799
-0.353553
-0.382683
-0.853553
0.903198
0.187104
-0.353478
-0.38316
-0.853371
-1.69714e-16
-0.382683
-0.92388
0.844736
0.205744
7.18953e-18
-0.38316
-0.923682
0.270598
-0.707107
-0.653281
0.778963
0.159895
0.270398
-0.707629
-0.652799
-1.29893e-16
-0.707107
-0.707107
0.822602
0.144107
3.57216e-18
-0.707629
-0.706585
0.353553
-0.382683
-0.853553
0.792693
0.218011
0.353478
-0.38316
-0.853371
-1.69714e-16
-0.382683
-0.92388
0.844736
0.205744
7.18953e-18
-0.38316
-0.923682
0.382683
6.12323e-17
-0.92388
0.801437
0.272213
0.382683
1.08123e-17
-0.92388
0.353553
-0.382683
-0.853553
0.792693
0.218011
0.353478
-0.38316
-0.853371
0.270598
-0.707107
-0.653281
0.778963
0.159895
0.270398
-0.707629
-0.652799
-1.69714e-16
-0.382683
-0.92388
0.844736
0.205744
7.18953e-18
-0.38316
-0.923682
0.653281
-0.382683
-0.653281
0.743329
0.225994
0.653142
-0.38316
-0.653142
0.270598
-0.707107
-0.653281
0.778963
0.159895
0.270398
-0.707629
-0.652799
0.353553
-0.382683
-0.853553
0.792693
0.218011
0.353478
-0.38316
-0.853371
0.653281
-0.382683
-0.653281
0.743329
0.225994
0.653142
-0.38316
-0.653142
0.653281
-0.707107
-0.270598
0.692356
0.170853
0.652799
-0.707629
-0.270398
0.5
-0.707107
-0.5
0.736058
0.16852
0.499631
-0.707629
-0.499631
0.853553
-0.382683
-0.353553
0.693533
0.230557
0.853371
-0.38316
-0.353478
0.653281
-0.382683
-0.653281
0.743329
0.225994
0.653142
-0.38316
-0.653142
0.92388
6.12323e-17
-0.382683
0.698563
0.285228
0.92388
-6.12698e-17
-0.382683
0.853553
-0.382683
-0.353553
0.693533
0.230557
0.853371
-0.38316
-0.353478
0.653281
-0.707107
-0.270598
0.692356
0.170853
0.652799
-0.707629
-0.270398
0.653281
-0.382683
-0.653281
0.743329
0.225994
0.653142
-0.38316
-0.653142
0.707107
-0.707107
0
0.64616
0.16643
0.706585
-0.707629
-5.71546e-17
0.653281
-0.707107
-0.270598
0.692356
0.170853
0.652799
-0.707629
-0.270398
0.92388
-0.382683
0
0.640074
0.231638
0.923682
-0.38316
-1.40196e-16
0.707107
-0.707107
0
0.64616
0.16643
0.706585
-0.707629
-5.71546e-17
0.382683
-0.92388
0
0.666235
0.0918448
0.442548
-0.896745
1.58342e-16
0.653281
-0.707107
-0.270598
0.692356
0.170853
0.652799
-0.707629
-0.270398
0.653281
-0.707107
0.270598
0.5956
0.153208
0.652799
-0.707629
0.270398
0.382683
-0.92388
0
0.666235
0.0918448
0.442548
-0.896745
1.58342e-16
0.707107
-0.707107
0
0.64616
0.16643
0.706585
-0.707629
-5.71546e-17
0.653281
-0.707107
0.270598
0.5956
0.153208
0.652799
-0.707629
0.270398
0.270598
-0.92388
0.270598
0.608762
0.0486399
0.312929
-0.896745
0.312929
0.353553
-0.92388
0.146447
0.636155
0.0755745
0.353102
-0.924082
0.14626
0.5
-0.707107
0.5
0.538894
0.126705
0.499631
-0.707629
0.499631
0.653281
-0.707107
0.270598
0.5956
0.153208
0.652799
-0.707629
0.270398
0.653281
-0.382683
0.653281
0.503566
0.217082
0.653142
-0.38316
0.653142
0.5
-0.707107
0.5
0.538894
0.126705
0.499631
-0.707629
0.499631
0.270598
-0.92388
0.270598
0.608762
0.0486399
0.312929
-0.896745
0.312929
0.653281
-0.707107
0.270598
0.5956
0.153208
0.652799
-0.707629
0.270398
0.270598
-0.707107
0.653281
0.4044
0.153208
0.270398
-0.707629
0.652799
0.270598
-0.92388
0.270598
0.391238
0.0486399
0.312929
-0.896745
0.312929
0.5
-0.707107
0.5
0.461106
0.126705
0.499631
-0.707629
0.499631
0.270598
-0.707107
0.653281
0.4044
0.153208
0.270398
-0.707629
0.652799
2.34326e-17
-0.92388
0.382683
0.333765
0.0918448
1.65432e-17
-0.896745
0.442548
0.146447
-0.92388
0.353553
0.363845
0.0755745
0.14626
-0.924082
0.353102
4.32978e-17
-0.707107
0.707107
0.35384
0.16643
1.42886e-17
-0.707629
0.706585
0.270598
-0.707107
0.653281
0.4044
0.153208
0.270398
-0.707629
0.652799
5.65713e-17
-0.382683
0.92388
0.359926
0.231638
7.18953e-18
-0.38316
0.923682
4.32978e-17
-0.707107
0.707107
0.35384
0.16643
1.42886e-17
-0.707629
0.706585
2.34326e-17
-0.92388
0.382683
0.333765
0.0918448
1.65432e-17
-0.896745
0.442548
0.270598
-0.707107
0.653281
0.4044
0.153208
0.270398
-0.707629
0.652799
-0.270598
-0.707107
0.653281
0.307644
0.170853
-0.270398
-0.707629
0.652799
2.34326e-17
-0.92388
0.382683
0.333765
0.0918448
1.65432e-17
-0.896745
0.442548
4.32978e-17
-0.707107
0.707107
0.35384
0.16643
1.42886e-17
-0.707629
0.706585
-0.270598
-0.707107
0.653281
0.307644
0.170853
-0.270398
-0.707629
0.652799
-0.270598
-0.92388
0.270598
0.272723
0.0991149
-0.312929
-0.896745
0.312929
-0.146447
-0.92388
0.353553
0.303068
0.0992944
-0.14626
-0.924082
0.353102
-0.5
-0.707107
0.5
0.263942
0.16852
-0.499631
-0.707629
0.499631
-0.270598
-0.707107
0.653281
0.307644
0.170853
-0.270398
-0.707629
0.652799
-0.653281
-0.382683
0.653281
0.256671
0.225994
-0.653142
-0.38316
0.653142
-0.5
-0.707107
0.5
0.263942
0.16852
-0.499631
-0.707629
0.499631
-0.270598
-0.92388
0.270598
0.272723
0.0991149
-0.312929
-0.896745
0.312929
-0.270598
-0.707107
0.653281
0.307644
0.170853
-0.270398
-0.707629
0.652799
-0.653281
-0.707107
0.270598
0.221037
0.159895
-0.652799
-0.707629
0.270398
-0.270598
-0.92388
0.270598
0.272723
0.0991149
-0.312929
-0.896745
0.312929
-0.5
-0.707107
0.5
0.263942
0.16852
-0.499631
-0.707629
0.499631
-0.653281
-0.707107
0.270598
0.221037
0.159895
-0.652799
-0.707629
0.270398
-0.382683
-0.92388
4.68652e-17
0.215416
0.0768716
-0.442548
-0.896745
1.65432e-17
-0.353553
-0.92388
0.146447
0.243289
0.0917313
-0.353102
-0.924082
0.14626
-0.707107
-0.707107
8.65956e-17
0.177398
0.144107
-0.706585
-0.707629
7.14432e-18
-0.653281
-0.707107
0.270598
0.221037
0.159895
-0.652799
-0.707629
0.270398
-0.92388
-0.382683
1.13143e-16
0.155264
0.205744
-0.923682
-0.38316
2.87581e-17
-0.707107
-0.707107
8.65956e-17
0.177398
0.144107
-0.706585
-0.707629
7.14432e-18
-0.382683
-0.92388
4.68652e-17
0.215416
0.0768716
-0.442548
-0.896745
1.65432e-17
-0.653281
-0.707107
0.270598
0.221037
0.159895
-0.652799
-0.707629
0.270398
-0.653281
-0.707107
-0.270598
0.131724
0.11871
-0.652799
-0.707629
-0.270398
-0.382683
-0.92388
4.68652e-17
0.215416
0.0768716
-0.442548
-0.896745
1.65432e-17
-0.707107
-0.707107
8.65956e-17
0.177398
0.144107
-0.706585
-0.707629
7.14432e-18
-0.653281
-0.707107
-0.270598
0.131724
0.11871
-0.652799
-0.707629
-0.270398
-0.270598
-0.92388
-0.270598
0.170514
0.0207146
-0.312929
-0.896745
-0.312929
-0.353553
-0.92388
-0.146447
0.190335
0.0536225
-0.353102
-0.924082
-0.14626
-0.5
-0.707107
-0.5
0.0834044
0.078919
-0.499631
-0.707629
-0.499631
-0.653281
-0.707107
-0.270598
0.131724
0.11871
-0.652799
-0.707629
-0.270398
-0.653281
-0.382683
-0.653281
0.026682
0.15765
-0.653142
-0.38316
-0.653142
-0.5
-0.707107
-0.5
0.0834044
0.078919
-0.499631
-0.707629
-0.499631
-0.270598
-0.92388
-0.270598
0.170514
0.0207146
-0.312929
-0.896745
-0.312929
-0.653281
-0.707107
-0.270598
0.131724
0.11871
-0.652799
-0.707629
-0.270398
-0.270598
-0.707107
-0.653281
0.868276
0.11871
-0.270398
-0.707629
-0.652799
-0.270598
-0.92388
-0.270598
0.829486
0.0207146
-0.312929
-0.896745
-0.312929
-0.5
-0.707107
-0.5
0.916596
0.078919
-0.499631
-0.707629
-0.499631
-0.270598
-0.707107
-0.653281
0.868276
0.11871
-0.270398
-0.707629
-0.652799
-7.02978e-17
-0.92388
-0.382683
0.784584
0.0768716
-1.91428e-16
-0.896745
-0.442548
-0.146447
-0.92388
-0.353553
0.809665
0.0536225
-0.14626
-0.924082
-0.353102
-1.29893e-16
-0.707107
-0.707107
0.822602
0.144107
3.57216e-18
-0.707629
-0.706585
-0.270598
-0.707107
-0.653281
0.868276
0.11871
-0.270398
-0.707629
-0.652799
-1.69714e-16
-0.382683
-0.92388
0.844736
0.205744
7.18953e-18
-0.38316
-0.923682
-1.29893e-16
-0.707107
-0.707107
0.822602
0.144107
3.57216e-18
-0.707629
-0.706585
-7.02978e-17
-0.92388
-0.382683
0.784584
0.0768716
-1.91428e-16
-0.896745
-0.442548
-0.270598
-0.707107
-0.653281
0.868276
0.11871
-0.270398
-0.707629
-0.652799
0.270598
-0.707107
-0.653281
0.778963
0.159895
0.270398
-0.707629
-0.652799
-7.02978e-17
-0.92388
-0.382683
0.784584
0.0768716
-1.91428e-16
-0.896745
-0.442548
-1.29893e-16
-0.707107
-0.707107
0.822602
0.144107
3.57216e-18
-0.707629
-0.706585
0.270598
-0.707107
-0.653281
0.778963
0.159895
0.270398
-0.707629
-0.652799
0.270598
-0.92388
-0.270598
0.727277
0.0991149
0.312929
-0.896745
-0.312929
0.146447
-0.92388
-0.353553
0.756711
0.0917313
0.14626
-0.924082
-0.353102
0.5
-0.707107
-0.5
0.736058
0.16852
0.499631
-0.707629
-0.499631
0.270598
-0.707107
-0.653281
0.778963
0.159895
0.270398
-0.707629
-0.652799
0.653281
-0.382683
-0.653281
0.743329
0.225994
0.653142
-0.38316
-0.653142
0.5
-0.707107
-0.5
0.736058
0.16852
0.499631
-0.707629
-0.499631
0.270598
-0.92388
-0.270598
0.727277
0.0991149
0.312929
-0.896745
-0.312929
0.270598
-0.707107
-0.653281
0.778963
0.159895
0.270398
-0.707629
-0.652799
0.653281
-0.707107
-0.270598
0.692356
0.170853
0.652799
-0.707629
-0.270398
0.382683
-0.92388
0
0.666235
0.0918448
0.442548
-0.896745
1.58342e-16
0.353553
-0.92388
-0.146447
0.696932
0.0992944
0.353102
-0.924082
-0.14626
0.653281
-0.707107
-0.270598
0.692356
0.170853
0.652799
-0.707629
-0.270398
0.270598
-0.92388
-0.270598
0.727277
0.0991149
0.312929
-0.896745
-0.312929
0.5
-0.707107
-0.5
0.736058
0.16852
0.499631
-0.707629
-0.499631
0.382683
-0.92388
0
0.666235
0.0918448
0.442548
-0.896745
1.58342e-16
0
-1
0
0.714737
0
-3.54008e-18
-1
-5.92963e-17
0.353553
-0.92388
-0.146447
0.696932
0.0992944
0.353102
-0.924082
-0.14626
0.353553
-0.92388
0.146447
0.636155
0.0755745
0.353102
-0.924082
0.14626
0.382683
-0.92388
0
0.666235
0.0918448
0.442548
-0.896745
1.58342e-16
0.653281
-0.707107
0.270598
0.5956
0.153208
0.652799
-0.707629
0.270398
0.353553
-0.92388
0.146447
0.636155
0.0755745
0.353102
-0.924082
0.14626
0
-1
0
0.714737
0
-3.54008e-18
-1
-5.92963e-17
0.382683
-0.92388
0
0.666235
0.0918448
0.442548
-0.896745
1.58342e-16
0.270598
-0.92388
0.270598
0.608762
0.0486399
0.312929
-0.896745
0.312929
0
-1
0
0.714737
0
-3.54008e-18
-1
-5.92963e-17
0.353553
-0.92388
0.146447
0.636155
0.0755745
0.353102
-0.924082
0.14626
0.146447
-0.92388
0.353553
0.363845
0.0755745
0.14626
-0.924082
0.353102
0.270598
-0.92388
0.270598
0.391238
0.0486399
0.312929
-0.896745
0.312929
0.270598
-0.707107
0.653281
0.4044
0.153208
0.270398
-0.707629
0.652799
0.146447
-0.92388
0.353553
0.363845
0.0755745
0.14626
-0.924082
0.353102
0
-1
0
0.285263
0
-3.54008e-18
-1
-5.92963e-17
0.270598
-0.92388
0.270598
0.391238
0.0486399
0.312929
-0.896745
0.312929
2.34326e-17
-0.92388
0.382683
0.333765
0.0918448
1.65432e-17
-0.896745
0.442548
0
-1
0
0.285263
0
-3.54008e-18
-1
-5.92963e-17
0.146447
-0.92388
0.353553
0.363845
0.0755745
0.14626
-0.924082
0.353102
-0.146447
-0.92388
0.353553
0.303068
0.0992944
-0.14626
-0.924082
0.353102
2.34326e-17
-0.92388
0.382683
0.333765
0.0918448
1.65432e-17
-0.896745
0.442548
-0.270598
-0.707107
0.653281
0.307644
0.170853
-0.270398
-0.707629
0.652799
-0.146447
-0.92388
0.353553
0.303068
0.0992944
-0.14626
-0.924082
0.353102
0
-1
0
0.285263
0
-3.54008e-18
-1
-5.92963e-17
2.34326e-17
-0.92388
0.382683
0.333765
0.0918448
1.65432e-17
-0.896745
0.442548
-0.270598
-0.92388
0.270598
0.272723
0.0991149
-0.312929
-0.896745
0.312929
0
-1
0
0.285263
0
-3.54008e-18
-1
-5.92963e-17
-0.146447
-0.92388
0.353553
0.303068
0.0992944
-0.14626
-0.924082
0.353102
-0.353553
-0.92388
0.146447
0.243289
0.0917313
-0.353102
-0.924082
0.14626
-0.270598
-0.92388
0.270598
0.272723
0.0991149
-0.312929
-0.896745
0.312929
-0.653281
-0.707107
0.270598
0.221037
0.159895
-0.652799
-0.707629
0.270398
-0.353553
-0.92388
0.146447
0.243289
0.0917313
-0.353102
-0.924082
0.14626
0
-1
0
0.285263
0
-3.54008e-18
-1
-5.92963e-17
-0.270598
-0.92388
0.270598
0.272723
0.0991149
-0.312929
-0.896745
0.312929
-0.382683
-0.92388
4.68652e-17
0.215416
0.0768716
-0.442548
-0.896745
1.65432e-17
0
-1
0
0.285263
0
-3.54008e-18
-1
-5.92963e-17
-0.353553
-0.92388
0.146447
0.243289
0.0917313
-0.353102
-0.924082
0.14626
-0.353553
-0.92388
-0.146447
0.190335
0.0536225
-0.353102
-0.924082
-0.14626
-0.382683
-0.92388
4.68652e-17
0.215416
0.0768716
-0.442548
-0.896745
1.65432e-17
-0.653281
-0.707107
-0.270598
0.131724
0.11871
-0.652799
-0.707629
-0.270398
-0.353553
-0.92388
-0.146447
0.190335
0.0536225
-0.353102
-0.924082
-0.14626
0
-1
0
0.285263
0
-3.54008e-18
-1
-5.92963e-17
-0.382683
-0.92388
4.68652e-17
0.215416
0.0768716
-0.442548
-0.896745
1.65432e-17
-0.270598
-0.92388
-0.270598
0.170514
0.0207146
-0.312929
-0.896745
-0.312929
0
-1
0
0.285263
0
-3.54008e-18
-1
-5.92963e-17
-0.353553
-0.92388
-0.146447
0.190335
0.0536225
-0.353102
-0.924082
-0.14626
-0.146447
-0.92388
-0.353553
0.809665
0.0536225
-0.14626
-0.924082
-0.353102
-0.270598
-0.92388
-0.270598
0.829486
0.0207146
-0.312929
-0.896745
-0.312929
-0.270598
-0.707107
-0.653281
0.868276
0.11871
-0.270398
-0.707629
-0.652799
-0.146447
-0.92388
-0.353553
0.809665
0.0536225
-0.14626
-0.924082
-0.353102
0
-1
0
0.714737
0
-3.54008e-18
-1
-5.92963e-17
-0.270598
-0.92388
-0.270598
0.829486
0.0207146
-0.312929
-0.896745
-0.312929
-7.02978e-17
-0.92388
-0.382683
0.784584
0.0768716
-1.91428e-16
-0.896745
-0.442548
0
-1
0
0.714737
0
-3.54008e-18
-1
-5.92963e-17
-0.146447
-0.92388
-0.353553
0.809665
0.0536225
-0.14626
-0.924082
-0.353102
0.146447
-0.92388
-0.353553
0.756711
0.0917313
0.14626
-0.924082
-0.353102
-7.02978e-17
-0.92388
-0.382683
0.784584
0.0768716
-1.91428e-16
-0.896745
-0.442548
0.270598
-0.707107
-0.653281
0.778963
0.159895
0.270398
-0.707629
-0.652799
0.146447
-0.92388
-0.353553
0.756711
0.0917313
0.14626
-0.924082
-0.353102
0
-1
0
0.714737
0
-3.54008e-18
-1
-5.92963e-17
-7.02978e-17
-0.92388
-0.382683
0.784584
0.0768716
-1.91428e-16
-0.896745
-0.442548
0.270598
-0.92388
-0.270598
0.727277
0.0991149
0.312929
-0.896745
-0.312929
0
-1
0
0.714737
0
-3.54008e-18
-1
-5.92963e-17
0.146447
-0.92388
-0.353553
0.756711
0.0917313
0.14626
-0.924082
-0.353102
0.353553
-0.92388
-0.146447
0.696932
0.0992944
0.353102
-0.924082
-0.14626
0.270598
-0.92388
-0.270598
0.727277
0.0991149
0.312929
-0.896745
-0.312929
0.653281
-0.707107
-0.270598
0.692356
0.170853
0.652799
-0.707629
-0.270398
0.353553
-0.92388
-0.146447
0.696932
0.0992944
0.353102
-0.924082
-0.14626
0
-1
0
0.714737
0
-3.54008e-18
-1
-5.92963e-17
0.270598
-0.92388
-0.270598
0.727277
0.0991149
0.312929
-0.896745
-0.312929
